run_id,family,regime,variant,seed,window,forecast_origin,target_timestamp,lead_hour,original_target,observed,score_eligible,base_prediction,applied_bias,corrected_prediction,history_target_filled_hours,history_input_filled_cells
ablate_neuralprophet_clip,neuralprophet,frozen,clip,42,10,2025-03-17 01:00:00,2025-03-17 01:00:00,1,31.77,True,True,0.044166386127471924,0.0,0.044166386127471924,0,0
ablate_neuralprophet_clip,neuralprophet,frozen,clip,42,10,2025-03-17 01:00:00,2025-03-17 02:00:00,2,15.45,True,True,-32.68062210083008,0.0,-32.68062210083008,0,0
ablate_neuralprophet_clip,neuralprophet,frozen,clip,42,10,2025-03-17 01:00:00,2025-03-17 03:00:00,3,8.29,True,True,-66.55232238769531,0.0,-66.55232238769531,0,0
ablate_neuralprophet_clip,neuralprophet,frozen,clip,42,10,2025-03-17 01:00:00,2025-03-17 04:00:00,4,4.12,True,True,-58.421939849853516,0.0,-58.421939849853516,0,0
ablate_neuralprophet_clip,neuralprophet,frozen,clip,42,10,2025-03-17 01:00:00,2025-03-17 05:00:00,5,3.51,True,True,-34.06205749511719,0.0,-34.06205749511719,0,0
ablate_neuralprophet_clip,neuralprophet,frozen,clip,42,10,2025-03-17 01:00:00,2025-03-17 06:00:00,6,3.35,True,True,-45.576698303222656,0.0,-45.576698303222656,0,0
ablate_neuralprophet_clip,neuralprophet,frozen,clip,42,10,2025-03-17 01:00:00,2025-03-17 07:00:00,7,3.31,True,True,-34.17339324951172,0.0,-34.17339324951172,0,0
ablate_neuralprophet_clip,neuralprophet,frozen,clip,42,10,2025-03-17 01:00:00,2025-03-17 08:00:00,8,3.61,True,True,-21.629426956176758,0.0,-21.629426956176758,0,0
ablate_neuralprophet_clip,neuralprophet,frozen,clip,42,10,2025-03-17 01:00:00,2025-03-17 09:00:00,9,4.11,True,True,-49.760196685791016,0.0,-49.760196685791016,0,0
ablate_neuralprophet_clip,neuralprophet,frozen,clip,42,10,2025-03-17 01:00:00,2025-03-17 10:00:00,10,6.24,True,True,-61.68268585205078,0.0,-61.68268585205078,0,0
ablate_neuralprophet_clip,neuralprophet,frozen,clip,42,10,2025-03-17 01:00:00,2025-03-17 11:00:00,11,11.18,True,True,-41.75309371948242,0.0,-41.75309371948242,0,0
ablate_neuralprophet_clip,neuralprophet,frozen,clip,42,10,2025-03-17 01:00:00,2025-03-17 12:00:00,12,16.6,True,True,-32.83747100830078,0.0,-32.83747100830078,0,0
ablate_neuralprophet_clip,neuralprophet,frozen,clip,42,10,2025-03-17 01:00:00,2025-03-17 13:00:00,13,33.88,True,True,3.935288667678833,0.0,3.935288667678833,0,0
ablate_neuralprophet_clip,neuralprophet,frozen,clip,42,10,2025-03-17 01:00:00,2025-03-17 14:00:00,14,61.93,True,True,69.7586898803711,0.0,69.7586898803711,0,0
ablate_neuralprophet_clip,neuralprophet,frozen,clip,42,10,2025-03-17 01:00:00,2025-03-17 15:00:00,15,74.69,True,True,83.27445983886719,0.0,83.27445983886719,0,0
ablate_neuralprophet_clip,neuralprophet,frozen,clip,42,10,2025-03-17 01:00:00,2025-03-17 16:00:00,16,65.45,True,True,66.10540008544922,0.0,66.10540008544922,0,0
ablate_neuralprophet_clip,neuralprophet,frozen,clip,42,10,2025-03-17 01:00:00,2025-03-17 17:00:00,17,54.79,True,True,72.4258041381836,0.0,72.4258041381836,0,0
ablate_neuralprophet_clip,neuralprophet,frozen,clip,42,10,2025-03-17 01:00:00,2025-03-17 18:00:00,18,50.25,True,True,59.26881408691406,0.0,59.26881408691406,0,0
ablate_neuralprophet_clip,neuralprophet,frozen,clip,42,10,2025-03-17 01:00:00,2025-03-17 19:00:00,19,61.72,True,True,69.41523742675781,0.0,69.41523742675781,0,0
ablate_neuralprophet_clip,neuralprophet,frozen,clip,42,10,2025-03-17 01:00:00,2025-03-17 20:00:00,20,88.07,True,True,107.1994857788086,0.0,107.1994857788086,0,0
ablate_neuralprophet_clip,neuralprophet,frozen,clip,42,10,2025-03-17 01:00:00,2025-03-17 21:00:00,21,119.37,True,True,158.4298858642578,0.0,158.4298858642578,0,0
ablate_neuralprophet_clip,neuralprophet,frozen,clip,42,10,2025-03-17 01:00:00,2025-03-17 22:00:00,22,153.66,True,True,200.00064086914062,0.0,200.00064086914062,0,0
ablate_neuralprophet_clip,neuralprophet,frozen,clip,42,10,2025-03-17 01:00:00,2025-03-17 23:00:00,23,240.13,True,True,283.3334045410156,0.0,283.3334045410156,0,0
ablate_neuralprophet_clip,neuralprophet,frozen,clip,42,10,2025-03-17 01:00:00,2025-03-18 00:00:00,24,360.81,True,True,417.0361328125,0.0,417.0361328125,0,0
ablate_neuralprophet_clip,neuralprophet,frozen,clip,42,10,2025-03-17 01:00:00,2025-03-18 01:00:00,25,344.22,True,True,385.03277587890625,0.0,385.03277587890625,0,0
ablate_neuralprophet_clip,neuralprophet,frozen,clip,42,10,2025-03-17 01:00:00,2025-03-18 02:00:00,26,369.17,True,True,417.7565612792969,0.0,417.7565612792969,0,0
ablate_neuralprophet_clip,neuralprophet,frozen,clip,42,10,2025-03-17 01:00:00,2025-03-18 03:00:00,27,355.79,True,True,385.7847595214844,0.0,385.7847595214844,0,0
ablate_neuralprophet_clip,neuralprophet,frozen,clip,42,10,2025-03-17 01:00:00,2025-03-18 04:00:00,28,87.33,True,True,149.33644104003906,0.0,149.33644104003906,0,0
ablate_neuralprophet_clip,neuralprophet,frozen,clip,42,10,2025-03-17 01:00:00,2025-03-18 05:00:00,29,35.3,True,True,78.46543884277344,0.0,78.46543884277344,0,0
ablate_neuralprophet_clip,neuralprophet,frozen,clip,42,10,2025-03-17 01:00:00,2025-03-18 06:00:00,30,13.98,True,True,45.215797424316406,0.0,45.215797424316406,0,0
ablate_neuralprophet_clip,neuralprophet,frozen,clip,42,10,2025-03-17 01:00:00,2025-03-18 07:00:00,31,8.81,True,True,21.24078369140625,0.0,21.24078369140625,0,0
ablate_neuralprophet_clip,neuralprophet,frozen,clip,42,10,2025-03-17 01:00:00,2025-03-18 08:00:00,32,8.33,True,True,20.85288429260254,0.0,20.85288429260254,0,0
ablate_neuralprophet_clip,neuralprophet,frozen,clip,42,10,2025-03-17 01:00:00,2025-03-18 09:00:00,33,8.4,True,True,14.186844825744629,0.0,14.186844825744629,0,0
ablate_neuralprophet_clip,neuralprophet,frozen,clip,42,10,2025-03-17 01:00:00,2025-03-18 10:00:00,34,39.59,True,True,100.54630279541016,0.0,100.54630279541016,0,0
ablate_neuralprophet_clip,neuralprophet,frozen,clip,42,10,2025-03-17 01:00:00,2025-03-18 11:00:00,35,111.19,True,True,196.14732360839844,0.0,196.14732360839844,0,0
ablate_neuralprophet_clip,neuralprophet,frozen,clip,42,10,2025-03-17 01:00:00,2025-03-18 12:00:00,36,231.14,True,True,307.1444091796875,0.0,307.1444091796875,0,0
ablate_neuralprophet_clip,neuralprophet,frozen,clip,42,10,2025-03-17 01:00:00,2025-03-18 13:00:00,37,374.95,True,True,442.8616638183594,0.0,442.8616638183594,0,0
ablate_neuralprophet_clip,neuralprophet,frozen,clip,42,10,2025-03-17 01:00:00,2025-03-18 14:00:00,38,457.73,True,True,513.639404296875,0.0,513.639404296875,0,0
ablate_neuralprophet_clip,neuralprophet,frozen,clip,42,10,2025-03-17 01:00:00,2025-03-18 15:00:00,39,433.59,True,True,474.4117736816406,0.0,474.4117736816406,0,0
ablate_neuralprophet_clip,neuralprophet,frozen,clip,42,10,2025-03-17 01:00:00,2025-03-18 16:00:00,40,278.25,True,True,320.1423645019531,0.0,320.1423645019531,0,0
ablate_neuralprophet_clip,neuralprophet,frozen,clip,42,10,2025-03-17 01:00:00,2025-03-18 17:00:00,41,214.72,True,True,263.903564453125,0.0,263.903564453125,0,0
ablate_neuralprophet_clip,neuralprophet,frozen,clip,42,10,2025-03-17 01:00:00,2025-03-18 18:00:00,42,187.9,True,True,246.51393127441406,0.0,246.51393127441406,0,0
ablate_neuralprophet_clip,neuralprophet,frozen,clip,42,10,2025-03-17 01:00:00,2025-03-18 19:00:00,43,151.21,True,True,207.1532745361328,0.0,207.1532745361328,0,0
ablate_neuralprophet_clip,neuralprophet,frozen,clip,42,10,2025-03-17 01:00:00,2025-03-18 20:00:00,44,113.15,True,True,174.72171020507812,0.0,174.72171020507812,0,0
ablate_neuralprophet_clip,neuralprophet,frozen,clip,42,10,2025-03-17 01:00:00,2025-03-18 21:00:00,45,91.78,True,True,143.5526580810547,0.0,143.5526580810547,0,0
ablate_neuralprophet_clip,neuralprophet,frozen,clip,42,10,2025-03-17 01:00:00,2025-03-18 22:00:00,46,85.27,True,True,124.97013092041016,0.0,124.97013092041016,0,0
ablate_neuralprophet_clip,neuralprophet,frozen,clip,42,10,2025-03-17 01:00:00,2025-03-18 23:00:00,47,115.74,True,True,157.00115966796875,0.0,157.00115966796875,0,0
ablate_neuralprophet_clip,neuralprophet,frozen,clip,42,10,2025-03-17 01:00:00,2025-03-19 00:00:00,48,158.89,True,True,199.8521728515625,0.0,199.8521728515625,0,0
ablate_neuralprophet_clip,neuralprophet,frozen,clip,42,10,2025-03-17 01:00:00,2025-03-19 01:00:00,49,184.39,True,True,215.50137329101562,0.0,215.50137329101562,0,0
ablate_neuralprophet_clip,neuralprophet,frozen,clip,42,10,2025-03-17 01:00:00,2025-03-19 02:00:00,50,208.95,True,True,245.4102783203125,0.0,245.4102783203125,0,0
ablate_neuralprophet_clip,neuralprophet,frozen,clip,42,10,2025-03-17 01:00:00,2025-03-19 03:00:00,51,218.09,True,True,259.50189208984375,0.0,259.50189208984375,0,0
ablate_neuralprophet_clip,neuralprophet,frozen,clip,42,10,2025-03-17 01:00:00,2025-03-19 04:00:00,52,115.44,True,True,158.5385284423828,0.0,158.5385284423828,0,0
ablate_neuralprophet_clip,neuralprophet,frozen,clip,42,10,2025-03-17 01:00:00,2025-03-19 05:00:00,53,47.51,True,True,62.044185638427734,0.0,62.044185638427734,0,0
ablate_neuralprophet_clip,neuralprophet,frozen,clip,42,10,2025-03-17 01:00:00,2025-03-19 06:00:00,54,20.3,True,True,30.955055236816406,0.0,30.955055236816406,0,0
ablate_neuralprophet_clip,neuralprophet,frozen,clip,42,10,2025-03-17 01:00:00,2025-03-19 07:00:00,55,12.77,True,True,-2.7657885551452637,0.0,-2.7657885551452637,0,0
ablate_neuralprophet_clip,neuralprophet,frozen,clip,42,10,2025-03-17 01:00:00,2025-03-19 08:00:00,56,17.03,True,True,15.505080223083496,0.0,15.505080223083496,0,0
ablate_neuralprophet_clip,neuralprophet,frozen,clip,42,10,2025-03-17 01:00:00,2025-03-19 09:00:00,57,22.13,True,True,28.95279884338379,0.0,28.95279884338379,0,0
ablate_neuralprophet_clip,neuralprophet,frozen,clip,42,10,2025-03-17 01:00:00,2025-03-19 10:00:00,58,37.15,True,True,61.54474639892578,0.0,61.54474639892578,0,0
ablate_neuralprophet_clip,neuralprophet,frozen,clip,42,10,2025-03-17 01:00:00,2025-03-19 11:00:00,59,68.63,True,True,128.83168029785156,0.0,128.83168029785156,0,0
ablate_neuralprophet_clip,neuralprophet,frozen,clip,42,10,2025-03-17 01:00:00,2025-03-19 12:00:00,60,99.64,True,True,152.53126525878906,0.0,152.53126525878906,0,0
ablate_neuralprophet_clip,neuralprophet,frozen,clip,42,10,2025-03-17 01:00:00,2025-03-19 13:00:00,61,123.41,True,True,181.8779754638672,0.0,181.8779754638672,0,0
ablate_neuralprophet_clip,neuralprophet,frozen,clip,42,10,2025-03-17 01:00:00,2025-03-19 14:00:00,62,145.21,True,True,188.6124267578125,0.0,188.6124267578125,0,0
ablate_neuralprophet_clip,neuralprophet,frozen,clip,42,10,2025-03-17 01:00:00,2025-03-19 15:00:00,63,146.28,True,True,188.60458374023438,0.0,188.60458374023438,0,0
ablate_neuralprophet_clip,neuralprophet,frozen,clip,42,10,2025-03-17 01:00:00,2025-03-19 16:00:00,64,115.46,True,True,158.920166015625,0.0,158.920166015625,0,0
ablate_neuralprophet_clip,neuralprophet,frozen,clip,42,10,2025-03-17 01:00:00,2025-03-19 17:00:00,65,80.15,True,True,107.2142105102539,0.0,107.2142105102539,0,0
ablate_neuralprophet_clip,neuralprophet,frozen,clip,42,10,2025-03-17 01:00:00,2025-03-19 18:00:00,66,57.06,True,True,77.46288299560547,0.0,77.46288299560547,0,0
ablate_neuralprophet_clip,neuralprophet,frozen,clip,42,10,2025-03-17 01:00:00,2025-03-19 19:00:00,67,44.98,True,True,53.283607482910156,0.0,53.283607482910156,0,0
ablate_neuralprophet_clip,neuralprophet,frozen,clip,42,10,2025-03-17 01:00:00,2025-03-19 20:00:00,68,42.52,True,True,55.599361419677734,0.0,55.599361419677734,0,0
ablate_neuralprophet_clip,neuralprophet,frozen,clip,42,10,2025-03-17 01:00:00,2025-03-19 21:00:00,69,43.49,True,True,74.24601745605469,0.0,74.24601745605469,0,0
ablate_neuralprophet_clip,neuralprophet,frozen,clip,42,10,2025-03-17 01:00:00,2025-03-19 22:00:00,70,46.51,True,True,71.47457885742188,0.0,71.47457885742188,0,0
ablate_neuralprophet_clip,neuralprophet,frozen,clip,42,10,2025-03-17 01:00:00,2025-03-19 23:00:00,71,69.63,True,True,106.34050750732422,0.0,106.34050750732422,0,0
ablate_neuralprophet_clip,neuralprophet,frozen,clip,42,10,2025-03-17 01:00:00,2025-03-20 00:00:00,72,99.32,True,True,139.28363037109375,0.0,139.28363037109375,0,0
ablate_neuralprophet_clip,neuralprophet,frozen,clip,42,10,2025-03-17 01:00:00,2025-03-20 01:00:00,73,110.67,True,True,168.23715209960938,0.0,168.23715209960938,0,0
ablate_neuralprophet_clip,neuralprophet,frozen,clip,42,10,2025-03-17 01:00:00,2025-03-20 02:00:00,74,96.42,True,True,128.981689453125,0.0,128.981689453125,0,0
ablate_neuralprophet_clip,neuralprophet,frozen,clip,42,10,2025-03-17 01:00:00,2025-03-20 03:00:00,75,55.87,True,True,78.77767181396484,0.0,78.77767181396484,0,0
ablate_neuralprophet_clip,neuralprophet,frozen,clip,42,10,2025-03-17 01:00:00,2025-03-20 04:00:00,76,16.8,True,True,25.36309242248535,0.0,25.36309242248535,0,0
ablate_neuralprophet_clip,neuralprophet,frozen,clip,42,10,2025-03-17 01:00:00,2025-03-20 05:00:00,77,12.08,True,True,30.277814865112305,0.0,30.277814865112305,0,0
ablate_neuralprophet_clip,neuralprophet,frozen,clip,42,10,2025-03-17 01:00:00,2025-03-20 06:00:00,78,11.12,True,True,29.110029220581055,0.0,29.110029220581055,0,0
ablate_neuralprophet_clip,neuralprophet,frozen,clip,42,10,2025-03-17 01:00:00,2025-03-20 07:00:00,79,10.16,True,True,30.133752822875977,0.0,30.133752822875977,0,0
ablate_neuralprophet_clip,neuralprophet,frozen,clip,42,10,2025-03-17 01:00:00,2025-03-20 08:00:00,80,10.39,True,True,30.320913314819336,0.0,30.320913314819336,0,0
ablate_neuralprophet_clip,neuralprophet,frozen,clip,42,10,2025-03-17 01:00:00,2025-03-20 09:00:00,81,11.27,True,True,23.071321487426758,0.0,23.071321487426758,0,0
ablate_neuralprophet_clip,neuralprophet,frozen,clip,42,10,2025-03-17 01:00:00,2025-03-20 10:00:00,82,23.62,True,True,77.6296615600586,0.0,77.6296615600586,0,0
ablate_neuralprophet_clip,neuralprophet,frozen,clip,42,10,2025-03-17 01:00:00,2025-03-20 11:00:00,83,55.05,True,True,133.72496032714844,0.0,133.72496032714844,0,0
ablate_neuralprophet_clip,neuralprophet,frozen,clip,42,10,2025-03-17 01:00:00,2025-03-20 12:00:00,84,92.13,True,True,176.34263610839844,0.0,176.34263610839844,0,0
ablate_neuralprophet_clip,neuralprophet,frozen,clip,42,10,2025-03-17 01:00:00,2025-03-20 13:00:00,85,135.18,True,True,239.02499389648438,0.0,239.02499389648438,0,0
ablate_neuralprophet_clip,neuralprophet,frozen,clip,42,10,2025-03-17 01:00:00,2025-03-20 14:00:00,86,178.08,True,True,270.46337890625,0.0,270.46337890625,0,0
ablate_neuralprophet_clip,neuralprophet,frozen,clip,42,10,2025-03-17 01:00:00,2025-03-20 15:00:00,87,188.44,True,True,275.4171142578125,0.0,275.4171142578125,0,0
ablate_neuralprophet_clip,neuralprophet,frozen,clip,42,10,2025-03-17 01:00:00,2025-03-20 16:00:00,88,161.08,True,True,251.005859375,0.0,251.005859375,0,0
ablate_neuralprophet_clip,neuralprophet,frozen,clip,42,10,2025-03-17 01:00:00,2025-03-20 17:00:00,89,134.87,True,True,225.66600036621094,0.0,225.66600036621094,0,0
ablate_neuralprophet_clip,neuralprophet,frozen,clip,42,10,2025-03-17 01:00:00,2025-03-20 18:00:00,90,119.77,True,True,200.5051727294922,0.0,200.5051727294922,0,0
ablate_neuralprophet_clip,neuralprophet,frozen,clip,42,10,2025-03-17 01:00:00,2025-03-20 19:00:00,91,108.81,True,True,192.8126983642578,0.0,192.8126983642578,0,0
ablate_neuralprophet_clip,neuralprophet,frozen,clip,42,10,2025-03-17 01:00:00,2025-03-20 20:00:00,92,104.19,True,True,185.20460510253906,0.0,185.20460510253906,0,0
ablate_neuralprophet_clip,neuralprophet,frozen,clip,42,10,2025-03-17 01:00:00,2025-03-20 21:00:00,93,106.24,True,True,180.7965087890625,0.0,180.7965087890625,0,0
ablate_neuralprophet_clip,neuralprophet,frozen,clip,42,10,2025-03-17 01:00:00,2025-03-20 22:00:00,94,117.33,True,True,182.59817504882812,0.0,182.59817504882812,0,0
ablate_neuralprophet_clip,neuralprophet,frozen,clip,42,10,2025-03-17 01:00:00,2025-03-20 23:00:00,95,182.51,True,True,255.603515625,0.0,255.603515625,0,0
ablate_neuralprophet_clip,neuralprophet,frozen,clip,42,10,2025-03-17 01:00:00,2025-03-21 00:00:00,96,290.87,True,True,384.866455078125,0.0,384.866455078125,0,0
ablate_neuralprophet_clip,neuralprophet,frozen,clip,42,10,2025-03-17 01:00:00,2025-03-21 01:00:00,97,383.88,True,True,498.4755554199219,0.0,498.4755554199219,0,0
ablate_neuralprophet_clip,neuralprophet,frozen,clip,42,10,2025-03-17 01:00:00,2025-03-21 02:00:00,98,350.81,True,True,474.647216796875,0.0,474.647216796875,0,0
ablate_neuralprophet_clip,neuralprophet,frozen,clip,42,10,2025-03-17 01:00:00,2025-03-21 03:00:00,99,194.99,True,True,306.81903076171875,0.0,306.81903076171875,0,0
ablate_neuralprophet_clip,neuralprophet,frozen,clip,42,10,2025-03-17 01:00:00,2025-03-21 04:00:00,100,16.08,True,True,14.103209495544434,0.0,14.103209495544434,0,0
ablate_neuralprophet_clip,neuralprophet,frozen,clip,42,10,2025-03-17 01:00:00,2025-03-21 05:00:00,101,10.66,True,True,22.802688598632812,0.0,22.802688598632812,0,0
ablate_neuralprophet_clip,neuralprophet,frozen,clip,42,10,2025-03-17 01:00:00,2025-03-21 06:00:00,102,10.46,True,True,0.22500938177108765,0.0,0.22500938177108765,0,0
ablate_neuralprophet_clip,neuralprophet,frozen,clip,42,10,2025-03-17 01:00:00,2025-03-21 07:00:00,103,10.8,True,True,7.2606401443481445,0.0,7.2606401443481445,0,0
ablate_neuralprophet_clip,neuralprophet,frozen,clip,42,10,2025-03-17 01:00:00,2025-03-21 08:00:00,104,11.66,True,True,4.380383491516113,0.0,4.380383491516113,0,0
ablate_neuralprophet_clip,neuralprophet,frozen,clip,42,10,2025-03-17 01:00:00,2025-03-21 09:00:00,105,12.27,True,True,-2.226097822189331,0.0,-2.226097822189331,0,0
ablate_neuralprophet_clip,neuralprophet,frozen,clip,42,10,2025-03-17 01:00:00,2025-03-21 10:00:00,106,14.8,True,True,14.664727210998535,0.0,14.664727210998535,0,0
ablate_neuralprophet_clip,neuralprophet,frozen,clip,42,10,2025-03-17 01:00:00,2025-03-21 11:00:00,107,20.49,True,True,24.78905487060547,0.0,24.78905487060547,0,0
ablate_neuralprophet_clip,neuralprophet,frozen,clip,42,10,2025-03-17 01:00:00,2025-03-21 12:00:00,108,26.74,True,True,18.0566349029541,0.0,18.0566349029541,0,0
ablate_neuralprophet_clip,neuralprophet,frozen,clip,42,10,2025-03-17 01:00:00,2025-03-21 13:00:00,109,55.02,True,True,94.84585571289062,0.0,94.84585571289062,0,0
ablate_neuralprophet_clip,neuralprophet,frozen,clip,42,10,2025-03-17 01:00:00,2025-03-21 14:00:00,110,100.48,True,True,149.7990264892578,0.0,149.7990264892578,0,0
ablate_neuralprophet_clip,neuralprophet,frozen,clip,42,10,2025-03-17 01:00:00,2025-03-21 15:00:00,111,123.63,True,True,186.0779266357422,0.0,186.0779266357422,0,0
ablate_neuralprophet_clip,neuralprophet,frozen,clip,42,10,2025-03-17 01:00:00,2025-03-21 16:00:00,112,110.11,True,True,182.9593048095703,0.0,182.9593048095703,0,0
ablate_neuralprophet_clip,neuralprophet,frozen,clip,42,10,2025-03-17 01:00:00,2025-03-21 17:00:00,113,76.11,True,True,111.49098205566406,0.0,111.49098205566406,0,0
ablate_neuralprophet_clip,neuralprophet,frozen,clip,42,10,2025-03-17 01:00:00,2025-03-21 18:00:00,114,50.2,True,True,71.43878936767578,0.0,71.43878936767578,0,0
ablate_neuralprophet_clip,neuralprophet,frozen,clip,42,10,2025-03-17 01:00:00,2025-03-21 19:00:00,115,35.2,True,True,40.447418212890625,0.0,40.447418212890625,0,0
ablate_neuralprophet_clip,neuralprophet,frozen,clip,42,10,2025-03-17 01:00:00,2025-03-21 20:00:00,116,32.61,True,True,38.81175231933594,0.0,38.81175231933594,0,0
ablate_neuralprophet_clip,neuralprophet,frozen,clip,42,10,2025-03-17 01:00:00,2025-03-21 21:00:00,117,33.94,True,True,43.153778076171875,0.0,43.153778076171875,0,0
ablate_neuralprophet_clip,neuralprophet,frozen,clip,42,10,2025-03-17 01:00:00,2025-03-21 22:00:00,118,37.62,True,True,57.782596588134766,0.0,57.782596588134766,0,0
ablate_neuralprophet_clip,neuralprophet,frozen,clip,42,10,2025-03-17 01:00:00,2025-03-21 23:00:00,119,50.38,True,True,89.313232421875,0.0,89.313232421875,0,0
ablate_neuralprophet_clip,neuralprophet,frozen,clip,42,10,2025-03-17 01:00:00,2025-03-22 00:00:00,120,57.67,True,True,87.89280700683594,0.0,87.89280700683594,0,0
ablate_neuralprophet_clip,neuralprophet,frozen,clip,42,10,2025-03-17 01:00:00,2025-03-22 01:00:00,121,54.64,True,True,53.92412567138672,0.0,53.92412567138672,0,0
ablate_neuralprophet_clip,neuralprophet,frozen,clip,42,10,2025-03-17 01:00:00,2025-03-22 02:00:00,122,49.73,True,True,37.933799743652344,0.0,37.933799743652344,0,0
ablate_neuralprophet_clip,neuralprophet,frozen,clip,42,10,2025-03-17 01:00:00,2025-03-22 03:00:00,123,40.46,True,True,31.48130989074707,0.0,31.48130989074707,0,0
ablate_neuralprophet_clip,neuralprophet,frozen,clip,42,10,2025-03-17 01:00:00,2025-03-22 04:00:00,124,29.47,True,True,40.44611740112305,0.0,40.44611740112305,0,0
ablate_neuralprophet_clip,neuralprophet,frozen,clip,42,10,2025-03-17 01:00:00,2025-03-22 05:00:00,125,27.4,True,True,19.92655372619629,0.0,19.92655372619629,0,0
ablate_neuralprophet_clip,neuralprophet,frozen,clip,42,10,2025-03-17 01:00:00,2025-03-22 06:00:00,126,26.35,True,True,36.55009460449219,0.0,36.55009460449219,0,0
ablate_neuralprophet_clip,neuralprophet,frozen,clip,42,10,2025-03-17 01:00:00,2025-03-22 07:00:00,127,25.59,True,True,36.070735931396484,0.0,36.070735931396484,0,0
ablate_neuralprophet_clip,neuralprophet,frozen,clip,42,10,2025-03-17 01:00:00,2025-03-22 08:00:00,128,24.99,True,True,43.37509536743164,0.0,43.37509536743164,0,0
ablate_neuralprophet_clip,neuralprophet,frozen,clip,42,10,2025-03-17 01:00:00,2025-03-22 09:00:00,129,23.85,True,True,32.0079345703125,0.0,32.0079345703125,0,0
ablate_neuralprophet_clip,neuralprophet,frozen,clip,42,10,2025-03-17 01:00:00,2025-03-22 10:00:00,130,25.71,True,True,50.94312286376953,0.0,50.94312286376953,0,0
ablate_neuralprophet_clip,neuralprophet,frozen,clip,42,10,2025-03-17 01:00:00,2025-03-22 11:00:00,131,33.44,True,True,60.291404724121094,0.0,60.291404724121094,0,0
ablate_neuralprophet_clip,neuralprophet,frozen,clip,42,10,2025-03-17 01:00:00,2025-03-22 12:00:00,132,41.52,True,True,99.44121551513672,0.0,99.44121551513672,0,0
ablate_neuralprophet_clip,neuralprophet,frozen,clip,42,10,2025-03-17 01:00:00,2025-03-22 13:00:00,133,43.21,True,True,77.10369873046875,0.0,77.10369873046875,0,0
ablate_neuralprophet_clip,neuralprophet,frozen,clip,42,10,2025-03-17 01:00:00,2025-03-22 14:00:00,134,37.36,True,True,62.02744674682617,0.0,62.02744674682617,0,0
ablate_neuralprophet_clip,neuralprophet,frozen,clip,42,10,2025-03-17 01:00:00,2025-03-22 15:00:00,135,27.27,True,True,40.29252624511719,0.0,40.29252624511719,0,0
ablate_neuralprophet_clip,neuralprophet,frozen,clip,42,10,2025-03-17 01:00:00,2025-03-22 16:00:00,136,19.07,True,True,8.195878028869629,0.0,8.195878028869629,0,0
ablate_neuralprophet_clip,neuralprophet,frozen,clip,42,10,2025-03-17 01:00:00,2025-03-22 17:00:00,137,18.65,True,True,11.24086856842041,0.0,11.24086856842041,0,0
ablate_neuralprophet_clip,neuralprophet,frozen,clip,42,10,2025-03-17 01:00:00,2025-03-22 18:00:00,138,19.15,True,True,3.437777042388916,0.0,3.437777042388916,0,0
ablate_neuralprophet_clip,neuralprophet,frozen,clip,42,10,2025-03-17 01:00:00,2025-03-22 19:00:00,139,20.44,True,True,13.551712036132812,0.0,13.551712036132812,0,0
ablate_neuralprophet_clip,neuralprophet,frozen,clip,42,10,2025-03-17 01:00:00,2025-03-22 20:00:00,140,23.09,True,True,25.983179092407227,0.0,25.983179092407227,0,0
ablate_neuralprophet_clip,neuralprophet,frozen,clip,42,10,2025-03-17 01:00:00,2025-03-22 21:00:00,141,25.95,True,True,60.912757873535156,0.0,60.912757873535156,0,0
ablate_neuralprophet_clip,neuralprophet,frozen,clip,42,10,2025-03-17 01:00:00,2025-03-22 22:00:00,142,30.06,True,True,76.12718963623047,0.0,76.12718963623047,0,0
ablate_neuralprophet_clip,neuralprophet,frozen,clip,42,10,2025-03-17 01:00:00,2025-03-22 23:00:00,143,43.62,True,True,117.97559356689453,0.0,117.97559356689453,0,0
ablate_neuralprophet_clip,neuralprophet,frozen,clip,42,10,2025-03-17 01:00:00,2025-03-23 00:00:00,144,66.71,True,True,156.7923583984375,0.0,156.7923583984375,0,0
ablate_neuralprophet_clip,neuralprophet,frozen,clip,42,10,2025-03-17 01:00:00,2025-03-23 01:00:00,145,88.97,True,True,172.0086212158203,0.0,172.0086212158203,0,0
ablate_neuralprophet_clip,neuralprophet,frozen,clip,42,10,2025-03-17 01:00:00,2025-03-23 02:00:00,146,106.82,True,True,198.01451110839844,0.0,198.01451110839844,0,0
ablate_neuralprophet_clip,neuralprophet,frozen,clip,42,10,2025-03-17 01:00:00,2025-03-23 03:00:00,147,113.84,True,True,188.63734436035156,0.0,188.63734436035156,0,0
ablate_neuralprophet_clip,neuralprophet,frozen,clip,42,10,2025-03-17 01:00:00,2025-03-23 04:00:00,148,75.39,True,True,98.59884643554688,0.0,98.59884643554688,0,0
ablate_neuralprophet_clip,neuralprophet,frozen,clip,42,10,2025-03-17 01:00:00,2025-03-23 05:00:00,149,72.53,True,True,68.5133285522461,0.0,68.5133285522461,0,0
ablate_neuralprophet_clip,neuralprophet,frozen,clip,42,10,2025-03-17 01:00:00,2025-03-23 06:00:00,150,71.86,True,True,53.84532165527344,0.0,53.84532165527344,0,0
ablate_neuralprophet_clip,neuralprophet,frozen,clip,42,10,2025-03-17 01:00:00,2025-03-23 07:00:00,151,72.02,True,True,50.58997344970703,0.0,50.58997344970703,0,0
ablate_neuralprophet_clip,neuralprophet,frozen,clip,42,10,2025-03-17 01:00:00,2025-03-23 08:00:00,152,72.96,True,True,55.22960662841797,0.0,55.22960662841797,0,0
ablate_neuralprophet_clip,neuralprophet,frozen,clip,42,10,2025-03-17 01:00:00,2025-03-23 09:00:00,153,69.95,True,True,77.92457580566406,0.0,77.92457580566406,0,0
ablate_neuralprophet_clip,neuralprophet,frozen,clip,42,10,2025-03-17 01:00:00,2025-03-23 10:00:00,154,82.91,True,True,128.23764038085938,0.0,128.23764038085938,0,0
ablate_neuralprophet_clip,neuralprophet,frozen,clip,42,10,2025-03-17 01:00:00,2025-03-23 11:00:00,155,133.93,True,True,197.264892578125,0.0,197.264892578125,0,0
ablate_neuralprophet_clip,neuralprophet,frozen,clip,42,10,2025-03-17 01:00:00,2025-03-23 12:00:00,156,197.12,True,True,243.91847229003906,0.0,243.91847229003906,0,0
ablate_neuralprophet_clip,neuralprophet,frozen,clip,42,10,2025-03-17 01:00:00,2025-03-23 13:00:00,157,246.71,True,True,278.4713439941406,0.0,278.4713439941406,0,0
ablate_neuralprophet_clip,neuralprophet,frozen,clip,42,10,2025-03-17 01:00:00,2025-03-23 14:00:00,158,281.62,True,True,285.0977478027344,0.0,285.0977478027344,0,0
ablate_neuralprophet_clip,neuralprophet,frozen,clip,42,10,2025-03-17 01:00:00,2025-03-23 15:00:00,159,281.44,True,True,290.0700988769531,0.0,290.0700988769531,0,0
ablate_neuralprophet_clip,neuralprophet,frozen,clip,42,10,2025-03-17 01:00:00,2025-03-23 16:00:00,160,233.89,True,True,204.07879638671875,0.0,204.07879638671875,0,0
ablate_neuralprophet_clip,neuralprophet,frozen,clip,42,10,2025-03-17 01:00:00,2025-03-23 17:00:00,161,185.95,True,True,134.52114868164062,0.0,134.52114868164062,0,0
ablate_neuralprophet_clip,neuralprophet,frozen,clip,42,10,2025-03-17 01:00:00,2025-03-23 18:00:00,162,160.92,True,True,55.440242767333984,0.0,55.440242767333984,0,0
ablate_neuralprophet_clip,neuralprophet,frozen,clip,42,10,2025-03-17 01:00:00,2025-03-23 19:00:00,163,149.14,True,True,-23.049182891845703,0.0,-23.049182891845703,0,0
ablate_neuralprophet_clip,neuralprophet,frozen,clip,42,10,2025-03-17 01:00:00,2025-03-23 20:00:00,164,128.14,True,True,-28.857851028442383,0.0,-28.857851028442383,0,0
ablate_neuralprophet_clip,neuralprophet,frozen,clip,42,10,2025-03-17 01:00:00,2025-03-23 21:00:00,165,104.76,True,True,-33.28678512573242,0.0,-33.28678512573242,0,0
ablate_neuralprophet_clip,neuralprophet,frozen,clip,42,10,2025-03-17 01:00:00,2025-03-23 22:00:00,166,63.46,True,True,-17.1253604888916,0.0,-17.1253604888916,0,0
ablate_neuralprophet_clip,neuralprophet,frozen,clip,42,10,2025-03-17 01:00:00,2025-03-23 23:00:00,167,28.11,True,True,-10.721559524536133,0.0,-10.721559524536133,0,0
ablate_neuralprophet_clip,neuralprophet,frozen,clip,42,10,2025-03-17 01:00:00,2025-03-24 00:00:00,168,14.75,True,True,-16.944774627685547,0.0,-16.944774627685547,0,0
