run_id,family,regime,feature_set,clip_inputs,seed,window,forecast_origin,target_timestamp,lead_hour,original_target,observed,eligible,base_prediction,applied_bias,corrected_prediction,fit_seconds,forecast_seconds,state_update_seconds
ablate_sarimax_no_inputs,sarimax,frozen,no_inputs,False,42,18,2025-05-12 01:00:00,2025-05-12 01:00:00,1,77.71,True,True,68.93259296401283,0.0,68.93259296401283,0.0,0.005514562995813321,0.0125059810015955
ablate_sarimax_no_inputs,sarimax,frozen,no_inputs,False,42,18,2025-05-12 01:00:00,2025-05-12 02:00:00,2,88.22,True,True,67.49307696770069,0.0,67.49307696770069,0.0,0.005514562995813321,0.0125059810015955
ablate_sarimax_no_inputs,sarimax,frozen,no_inputs,False,42,18,2025-05-12 01:00:00,2025-05-12 03:00:00,3,101.18,True,True,68.8016730466435,0.0,68.8016730466435,0.0,0.005514562995813321,0.0125059810015955
ablate_sarimax_no_inputs,sarimax,frozen,no_inputs,False,42,18,2025-05-12 01:00:00,2025-05-12 04:00:00,4,127.41,True,True,63.21392800442752,0.0,63.21392800442752,0.0,0.005514562995813321,0.0125059810015955
ablate_sarimax_no_inputs,sarimax,frozen,no_inputs,False,42,18,2025-05-12 01:00:00,2025-05-12 05:00:00,5,135.56,True,True,60.79834367594383,0.0,60.79834367594383,0.0,0.005514562995813321,0.0125059810015955
ablate_sarimax_no_inputs,sarimax,frozen,no_inputs,False,42,18,2025-05-12 01:00:00,2025-05-12 06:00:00,6,138.99,True,True,59.02405931464379,0.0,59.02405931464379,0.0,0.005514562995813321,0.0125059810015955
ablate_sarimax_no_inputs,sarimax,frozen,no_inputs,False,42,18,2025-05-12 01:00:00,2025-05-12 07:00:00,7,135.38,True,True,56.44359470638562,0.0,56.44359470638562,0.0,0.005514562995813321,0.0125059810015955
ablate_sarimax_no_inputs,sarimax,frozen,no_inputs,False,42,18,2025-05-12 01:00:00,2025-05-12 08:00:00,8,127.51,True,True,55.3148764212355,0.0,55.3148764212355,0.0,0.005514562995813321,0.0125059810015955
ablate_sarimax_no_inputs,sarimax,frozen,no_inputs,False,42,18,2025-05-12 01:00:00,2025-05-12 09:00:00,9,118.33,True,True,54.25918484493037,0.0,54.25918484493037,0.0,0.005514562995813321,0.0125059810015955
ablate_sarimax_no_inputs,sarimax,frozen,no_inputs,False,42,18,2025-05-12 01:00:00,2025-05-12 10:00:00,10,107.63,True,True,54.61182999823588,0.0,54.61182999823588,0.0,0.005514562995813321,0.0125059810015955
ablate_sarimax_no_inputs,sarimax,frozen,no_inputs,False,42,18,2025-05-12 01:00:00,2025-05-12 11:00:00,11,98.76,True,True,57.03955127210851,0.0,57.03955127210851,0.0,0.005514562995813321,0.0125059810015955
ablate_sarimax_no_inputs,sarimax,frozen,no_inputs,False,42,18,2025-05-12 01:00:00,2025-05-12 12:00:00,12,90.7,True,True,59.755177652502255,0.0,59.755177652502255,0.0,0.005514562995813321,0.0125059810015955
ablate_sarimax_no_inputs,sarimax,frozen,no_inputs,False,42,18,2025-05-12 01:00:00,2025-05-12 13:00:00,13,82.25,True,True,61.81771874479666,0.0,61.81771874479666,0.0,0.005514562995813321,0.0125059810015955
ablate_sarimax_no_inputs,sarimax,frozen,no_inputs,False,42,18,2025-05-12 01:00:00,2025-05-12 14:00:00,14,75.62,True,True,64.58940752850681,0.0,64.58940752850681,0.0,0.005514562995813321,0.0125059810015955
ablate_sarimax_no_inputs,sarimax,frozen,no_inputs,False,42,18,2025-05-12 01:00:00,2025-05-12 15:00:00,15,70.54,True,True,65.52382023536985,0.0,65.52382023536985,0.0,0.005514562995813321,0.0125059810015955
ablate_sarimax_no_inputs,sarimax,frozen,no_inputs,False,42,18,2025-05-12 01:00:00,2025-05-12 16:00:00,16,64.84,True,True,63.1553674658521,0.0,63.1553674658521,0.0,0.005514562995813321,0.0125059810015955
ablate_sarimax_no_inputs,sarimax,frozen,no_inputs,False,42,18,2025-05-12 01:00:00,2025-05-12 17:00:00,17,60.52,True,True,60.89895892736804,0.0,60.89895892736804,0.0,0.005514562995813321,0.0125059810015955
ablate_sarimax_no_inputs,sarimax,frozen,no_inputs,False,42,18,2025-05-12 01:00:00,2025-05-12 18:00:00,18,59.36,True,True,58.86593193796727,0.0,58.86593193796727,0.0,0.005514562995813321,0.0125059810015955
ablate_sarimax_no_inputs,sarimax,frozen,no_inputs,False,42,18,2025-05-12 01:00:00,2025-05-12 19:00:00,19,62.45,True,True,55.67854198606658,0.0,55.67854198606658,0.0,0.005514562995813321,0.0125059810015955
ablate_sarimax_no_inputs,sarimax,frozen,no_inputs,False,42,18,2025-05-12 01:00:00,2025-05-12 20:00:00,20,68.51,True,True,54.11950102040102,0.0,54.11950102040102,0.0,0.005514562995813321,0.0125059810015955
ablate_sarimax_no_inputs,sarimax,frozen,no_inputs,False,42,18,2025-05-12 01:00:00,2025-05-12 21:00:00,21,74.6,True,True,53.50456763961662,0.0,53.50456763961662,0.0,0.005514562995813321,0.0125059810015955
ablate_sarimax_no_inputs,sarimax,frozen,no_inputs,False,42,18,2025-05-12 01:00:00,2025-05-12 22:00:00,22,78.75,True,True,53.21466718903705,0.0,53.21466718903705,0.0,0.005514562995813321,0.0125059810015955
ablate_sarimax_no_inputs,sarimax,frozen,no_inputs,False,42,18,2025-05-12 01:00:00,2025-05-12 23:00:00,23,82.5,True,True,55.46107250661137,0.0,55.46107250661137,0.0,0.005514562995813321,0.0125059810015955
ablate_sarimax_no_inputs,sarimax,frozen,no_inputs,False,42,18,2025-05-12 01:00:00,2025-05-13 00:00:00,24,86.35,True,True,59.09509302996767,0.0,59.09509302996767,0.0,0.005514562995813321,0.0125059810015955
ablate_sarimax_no_inputs,sarimax,frozen,no_inputs,False,42,18,2025-05-12 01:00:00,2025-05-13 01:00:00,25,91.14,True,True,60.85645140219515,0.0,60.85645140219515,0.0,0.005514562995813321,0.0125059810015955
ablate_sarimax_no_inputs,sarimax,frozen,no_inputs,False,42,18,2025-05-12 01:00:00,2025-05-13 02:00:00,26,97.53,True,True,59.80323843071912,0.0,59.80323843071912,0.0,0.005514562995813321,0.0125059810015955
ablate_sarimax_no_inputs,sarimax,frozen,no_inputs,False,42,18,2025-05-12 01:00:00,2025-05-13 03:00:00,27,109.15,True,True,61.46747331424596,0.0,61.46747331424596,0.0,0.005514562995813321,0.0125059810015955
ablate_sarimax_no_inputs,sarimax,frozen,no_inputs,False,42,18,2025-05-12 01:00:00,2025-05-13 04:00:00,28,143.35,True,True,56.2480395930038,0.0,56.2480395930038,0.0,0.005514562995813321,0.0125059810015955
ablate_sarimax_no_inputs,sarimax,frozen,no_inputs,False,42,18,2025-05-12 01:00:00,2025-05-13 05:00:00,29,163.07,True,True,54.17000845752896,0.0,54.17000845752896,0.0,0.005514562995813321,0.0125059810015955
ablate_sarimax_no_inputs,sarimax,frozen,no_inputs,False,42,18,2025-05-12 01:00:00,2025-05-13 06:00:00,30,169.11,True,True,52.71447454269715,0.0,52.71447454269715,0.0,0.005514562995813321,0.0125059810015955
ablate_sarimax_no_inputs,sarimax,frozen,no_inputs,False,42,18,2025-05-12 01:00:00,2025-05-13 07:00:00,31,166.15,True,True,50.44110675828747,0.0,50.44110675828747,0.0,0.005514562995813321,0.0125059810015955
ablate_sarimax_no_inputs,sarimax,frozen,no_inputs,False,42,18,2025-05-12 01:00:00,2025-05-13 08:00:00,32,155.28,True,True,49.59864145127772,0.0,49.59864145127772,0.0,0.005514562995813321,0.0125059810015955
ablate_sarimax_no_inputs,sarimax,frozen,no_inputs,False,42,18,2025-05-12 01:00:00,2025-05-13 09:00:00,33,142.93,True,True,48.815131120135966,0.0,48.815131120135966,0.0,0.005514562995813321,0.0125059810015955
ablate_sarimax_no_inputs,sarimax,frozen,no_inputs,False,42,18,2025-05-12 01:00:00,2025-05-13 10:00:00,34,133.61,True,True,49.42068354886958,0.0,49.42068354886958,0.0,0.005514562995813321,0.0125059810015955
ablate_sarimax_no_inputs,sarimax,frozen,no_inputs,False,42,18,2025-05-12 01:00:00,2025-05-13 11:00:00,35,132.52,True,True,52.079744268569925,0.0,52.079744268569925,0.0,0.005514562995813321,0.0125059810015955
ablate_sarimax_no_inputs,sarimax,frozen,no_inputs,False,42,18,2025-05-12 01:00:00,2025-05-13 12:00:00,36,135.47,True,True,55.01361261487309,0.0,55.01361261487309,0.0,0.005514562995813321,0.0125059810015955
ablate_sarimax_no_inputs,sarimax,frozen,no_inputs,False,42,18,2025-05-12 01:00:00,2025-05-13 13:00:00,37,138.29,True,True,57.28601622461201,0.0,57.28601622461201,0.0,0.005514562995813321,0.0125059810015955
ablate_sarimax_no_inputs,sarimax,frozen,no_inputs,False,42,18,2025-05-12 01:00:00,2025-05-13 14:00:00,38,141.36,True,True,60.25374529082004,0.0,60.25374529082004,0.0,0.005514562995813321,0.0125059810015955
ablate_sarimax_no_inputs,sarimax,frozen,no_inputs,False,42,18,2025-05-12 01:00:00,2025-05-13 15:00:00,39,142.6,True,True,61.382101681347,0.0,61.382101681347,0.0,0.005514562995813321,0.0125059810015955
ablate_sarimax_no_inputs,sarimax,frozen,no_inputs,False,42,18,2025-05-12 01:00:00,2025-05-13 16:00:00,40,139.18,True,True,59.212441154366566,0.0,59.212441154366566,0.0,0.005514562995813321,0.0125059810015955
ablate_sarimax_no_inputs,sarimax,frozen,no_inputs,False,42,18,2025-05-12 01:00:00,2025-05-13 17:00:00,41,138.04,True,True,57.1451235219353,0.0,57.1451235219353,0.0,0.005514562995813321,0.0125059810015955
ablate_sarimax_no_inputs,sarimax,frozen,no_inputs,False,42,18,2025-05-12 01:00:00,2025-05-13 18:00:00,42,138.91,True,True,55.291446441922986,0.0,55.291446441922986,0.0,0.005514562995813321,0.0125059810015955
ablate_sarimax_no_inputs,sarimax,frozen,no_inputs,False,42,18,2025-05-12 01:00:00,2025-05-13 19:00:00,43,140.74,True,True,52.280154639599516,0.0,52.280154639599516,0.0,0.005514562995813321,0.0125059810015955
ablate_sarimax_no_inputs,sarimax,frozen,no_inputs,False,42,18,2025-05-12 01:00:00,2025-05-13 20:00:00,44,144.43,True,True,50.88212531925229,0.0,50.88212531925229,0.0,0.005514562995813321,0.0125059810015955
ablate_sarimax_no_inputs,sarimax,frozen,no_inputs,False,42,18,2025-05-12 01:00:00,2025-05-13 21:00:00,45,149.35,True,True,50.41651456015859,0.0,50.41651456015859,0.0,0.005514562995813321,0.0125059810015955
ablate_sarimax_no_inputs,sarimax,frozen,no_inputs,False,42,18,2025-05-12 01:00:00,2025-05-13 22:00:00,46,150.69,True,True,50.26733956787446,0.0,50.26733956787446,0.0,0.005514562995813321,0.0125059810015955
ablate_sarimax_no_inputs,sarimax,frozen,no_inputs,False,42,18,2025-05-12 01:00:00,2025-05-13 23:00:00,47,117.67,True,True,52.63649551530718,0.0,52.63649551530718,0.0,0.005514562995813321,0.0125059810015955
ablate_sarimax_no_inputs,sarimax,frozen,no_inputs,False,42,18,2025-05-12 01:00:00,2025-05-14 00:00:00,48,62.75,True,True,56.38067849926123,0.0,56.38067849926123,0.0,0.005514562995813321,0.0125059810015955
ablate_sarimax_no_inputs,sarimax,frozen,no_inputs,False,42,18,2025-05-12 01:00:00,2025-05-14 01:00:00,49,15.94,True,True,58.25427101347506,0.0,58.25427101347506,0.0,0.005514562995813321,0.0125059810015955
ablate_sarimax_no_inputs,sarimax,frozen,no_inputs,False,42,18,2025-05-12 01:00:00,2025-05-14 02:00:00,50,5.62,True,True,57.319809049837616,0.0,57.319809049837616,0.0,0.005514562995813321,0.0125059810015955
ablate_sarimax_no_inputs,sarimax,frozen,no_inputs,False,42,18,2025-05-12 01:00:00,2025-05-14 03:00:00,51,4.86,True,True,59.08526157058831,0.0,59.08526157058831,0.0,0.005514562995813321,0.0125059810015955
ablate_sarimax_no_inputs,sarimax,frozen,no_inputs,False,42,18,2025-05-12 01:00:00,2025-05-14 04:00:00,52,6.25,True,True,53.99202290717993,0.0,53.99202290717993,0.0,0.005514562995813321,0.0125059810015955
ablate_sarimax_no_inputs,sarimax,frozen,no_inputs,False,42,18,2025-05-12 01:00:00,2025-05-14 05:00:00,53,9.43,True,True,52.0213204309673,0.0,52.0213204309673,0.0,0.005514562995813321,0.0125059810015955
ablate_sarimax_no_inputs,sarimax,frozen,no_inputs,False,42,18,2025-05-12 01:00:00,2025-05-14 06:00:00,54,13.26,True,True,50.66557686190439,0.0,50.66557686190439,0.0,0.005514562995813321,0.0125059810015955
ablate_sarimax_no_inputs,sarimax,frozen,no_inputs,False,42,18,2025-05-12 01:00:00,2025-05-14 07:00:00,55,15.36,True,True,48.491032175181275,0.0,48.491032175181275,0.0,0.005514562995813321,0.0125059810015955
ablate_sarimax_no_inputs,sarimax,frozen,no_inputs,False,42,18,2025-05-12 01:00:00,2025-05-14 08:00:00,56,16.84,True,True,47.73675303807773,0.0,47.73675303807773,0.0,0.005514562995813321,0.0125059810015955
ablate_sarimax_no_inputs,sarimax,frozen,no_inputs,False,42,18,2025-05-12 01:00:00,2025-05-14 09:00:00,57,17.53,True,True,47.03703979643157,0.0,47.03703979643157,0.0,0.005514562995813321,0.0125059810015955
ablate_sarimax_no_inputs,sarimax,frozen,no_inputs,False,42,18,2025-05-12 01:00:00,2025-05-14 10:00:00,58,17.77,True,True,47.71635058259474,0.0,47.71635058259474,0.0,0.005514562995813321,0.0125059810015955
ablate_sarimax_no_inputs,sarimax,frozen,no_inputs,False,42,18,2025-05-12 01:00:00,2025-05-14 11:00:00,59,17.57,True,True,50.436399848322715,0.0,50.436399848322715,0.0,0.005514562995813321,0.0125059810015955
ablate_sarimax_no_inputs,sarimax,frozen,no_inputs,False,42,18,2025-05-12 01:00:00,2025-05-14 12:00:00,60,17.39,True,True,53.42649457095295,0.0,53.42649457095295,0.0,0.005514562995813321,0.0125059810015955
ablate_sarimax_no_inputs,sarimax,frozen,no_inputs,False,42,18,2025-05-12 01:00:00,2025-05-14 13:00:00,61,18.98,True,True,55.754655015771824,0.0,55.754655015771824,0.0,0.005514562995813321,0.0125059810015955
ablate_sarimax_no_inputs,sarimax,frozen,no_inputs,False,42,18,2025-05-12 01:00:00,2025-05-14 14:00:00,62,22.12,True,True,58.77186766749333,0.0,58.77186766749333,0.0,0.005514562995813321,0.0125059810015955
ablate_sarimax_no_inputs,sarimax,frozen,no_inputs,False,42,18,2025-05-12 01:00:00,2025-05-14 15:00:00,63,24.71,True,True,59.95474239320126,0.0,59.95474239320126,0.0,0.005514562995813321,0.0125059810015955
ablate_sarimax_no_inputs,sarimax,frozen,no_inputs,False,42,18,2025-05-12 01:00:00,2025-05-14 16:00:00,64,25.69,True,True,57.85120139672917,0.0,57.85120139672917,0.0,0.005514562995813321,0.0125059810015955
ablate_sarimax_no_inputs,sarimax,frozen,no_inputs,False,42,18,2025-05-12 01:00:00,2025-05-14 17:00:00,65,26.29,True,True,55.84678746507378,0.0,55.84678746507378,0.0,0.005514562995813321,0.0125059810015955
ablate_sarimax_no_inputs,sarimax,frozen,no_inputs,False,42,18,2025-05-12 01:00:00,2025-05-14 18:00:00,66,26.96,True,True,54.05244381890866,0.0,54.05244381890866,0.0,0.005514562995813321,0.0125059810015955
ablate_sarimax_no_inputs,sarimax,frozen,no_inputs,False,42,18,2025-05-12 01:00:00,2025-05-14 19:00:00,67,27.85,True,True,51.103076316936146,0.0,51.103076316936146,0.0,0.005514562995813321,0.0125059810015955
ablate_sarimax_no_inputs,sarimax,frozen,no_inputs,False,42,18,2025-05-12 01:00:00,2025-05-14 20:00:00,68,29.18,True,True,49.75749457155209,0.0,49.75749457155209,0.0,0.005514562995813321,0.0125059810015955
ablate_sarimax_no_inputs,sarimax,frozen,no_inputs,False,42,18,2025-05-12 01:00:00,2025-05-14 21:00:00,69,30.38,True,True,49.3379662119016,0.0,49.3379662119016,0.0,0.005514562995813321,0.0125059810015955
ablate_sarimax_no_inputs,sarimax,frozen,no_inputs,False,42,18,2025-05-12 01:00:00,2025-05-14 22:00:00,70,31.16,True,True,49.23132896432959,0.0,49.23132896432959,0.0,0.005514562995813321,0.0125059810015955
ablate_sarimax_no_inputs,sarimax,frozen,no_inputs,False,42,18,2025-05-12 01:00:00,2025-05-14 23:00:00,71,31.99,True,True,51.629896453558494,0.0,51.629896453558494,0.0,0.005514562995813321,0.0125059810015955
ablate_sarimax_no_inputs,sarimax,frozen,no_inputs,False,42,18,2025-05-12 01:00:00,2025-05-15 00:00:00,72,34.43,True,True,55.395494583238225,0.0,55.395494583238225,0.0,0.005514562995813321,0.0125059810015955
ablate_sarimax_no_inputs,sarimax,frozen,no_inputs,False,42,18,2025-05-12 01:00:00,2025-05-15 01:00:00,73,39.39,True,True,57.296879447525406,0.0,57.296879447525406,0.0,0.005514562995813321,0.0125059810015955
ablate_sarimax_no_inputs,sarimax,frozen,no_inputs,False,42,18,2025-05-12 01:00:00,2025-05-15 02:00:00,74,46.82,True,True,56.40080175020883,0.0,56.40080175020883,0.0,0.005514562995813321,0.0125059810015955
ablate_sarimax_no_inputs,sarimax,frozen,no_inputs,False,42,18,2025-05-12 01:00:00,2025-05-15 03:00:00,75,58.84,True,True,58.191085414573095,0.0,58.191085414573095,0.0,0.005514562995813321,0.0125059810015955
ablate_sarimax_no_inputs,sarimax,frozen,no_inputs,False,42,18,2025-05-12 01:00:00,2025-05-15 04:00:00,76,53.22,True,True,53.15125774603744,0.0,53.15125774603744,0.0,0.005514562995813321,0.0125059810015955
ablate_sarimax_no_inputs,sarimax,frozen,no_inputs,False,42,18,2025-05-12 01:00:00,2025-05-15 05:00:00,77,45.04,True,True,51.21871370551617,0.0,51.21871370551617,0.0,0.005514562995813321,0.0125059810015955
ablate_sarimax_no_inputs,sarimax,frozen,no_inputs,False,42,18,2025-05-12 01:00:00,2025-05-15 06:00:00,78,39.93,True,True,49.89698166073799,0.0,49.89698166073799,0.0,0.005514562995813321,0.0125059810015955
ablate_sarimax_no_inputs,sarimax,frozen,no_inputs,False,42,18,2025-05-12 01:00:00,2025-05-15 07:00:00,79,37.1,True,True,47.75867957998012,0.0,47.75867957998012,0.0,0.005514562995813321,0.0125059810015955
ablate_sarimax_no_inputs,sarimax,frozen,no_inputs,False,42,18,2025-05-12 01:00:00,2025-05-15 08:00:00,80,34.96,True,True,47.033090851254144,0.0,47.033090851254144,0.0,0.005514562995813321,0.0125059810015955
ablate_sarimax_no_inputs,sarimax,frozen,no_inputs,False,42,18,2025-05-12 01:00:00,2025-05-15 09:00:00,81,33.31,True,True,46.360587675109386,0.0,46.360587675109386,0.0,0.005514562995813321,0.0125059810015955
ablate_sarimax_no_inputs,sarimax,frozen,no_inputs,False,42,18,2025-05-12 01:00:00,2025-05-15 10:00:00,82,33.19,True,True,47.059862139727755,0.0,47.059862139727755,0.0,0.005514562995813321,0.0125059810015955
ablate_sarimax_no_inputs,sarimax,frozen,no_inputs,False,42,18,2025-05-12 01:00:00,2025-05-15 11:00:00,83,34.38,True,True,49.78977529009328,0.0,49.78977529009328,0.0,0.005514562995813321,0.0125059810015955
ablate_sarimax_no_inputs,sarimax,frozen,no_inputs,False,42,18,2025-05-12 01:00:00,2025-05-15 12:00:00,84,35.56,True,True,52.78747874225988,0.0,52.78747874225988,0.0,0.005514562995813321,0.0125059810015955
ablate_sarimax_no_inputs,sarimax,frozen,no_inputs,False,42,18,2025-05-12 01:00:00,2025-05-15 13:00:00,85,36.41,True,True,55.12514497656254,0.0,55.12514497656254,0.0,0.005514562995813321,0.0125059810015955
ablate_sarimax_no_inputs,sarimax,frozen,no_inputs,False,42,18,2025-05-12 01:00:00,2025-05-15 14:00:00,86,38.29,True,True,58.147866713522504,0.0,58.147866713522504,0.0,0.005514562995813321,0.0125059810015955
ablate_sarimax_no_inputs,sarimax,frozen,no_inputs,False,42,18,2025-05-12 01:00:00,2025-05-15 15:00:00,87,40.83,True,True,59.34340213464258,0.0,59.34340213464258,0.0,0.005514562995813321,0.0125059810015955
ablate_sarimax_no_inputs,sarimax,frozen,no_inputs,False,42,18,2025-05-12 01:00:00,2025-05-15 16:00:00,88,44.56,True,True,57.26610643826513,0.0,57.26610643826513,0.0,0.005514562995813321,0.0125059810015955
ablate_sarimax_no_inputs,sarimax,frozen,no_inputs,False,42,18,2025-05-12 01:00:00,2025-05-15 17:00:00,89,51.39,True,True,55.28667111873728,0.0,55.28667111873728,0.0,0.005514562995813321,0.0125059810015955
ablate_sarimax_no_inputs,sarimax,frozen,no_inputs,False,42,18,2025-05-12 01:00:00,2025-05-15 18:00:00,90,60.87,True,True,53.51559192845165,0.0,53.51559192845165,0.0,0.005514562995813321,0.0125059810015955
ablate_sarimax_no_inputs,sarimax,frozen,no_inputs,False,42,18,2025-05-12 01:00:00,2025-05-15 19:00:00,91,72.05,True,True,50.59381878853683,0.0,50.59381878853683,0.0,0.005514562995813321,0.0125059810015955
ablate_sarimax_no_inputs,sarimax,frozen,no_inputs,False,42,18,2025-05-12 01:00:00,2025-05-15 20:00:00,92,84.88,True,True,49.26806123985088,0.0,49.26806123985088,0.0,0.005514562995813321,0.0125059810015955
ablate_sarimax_no_inputs,sarimax,frozen,no_inputs,False,42,18,2025-05-12 01:00:00,2025-05-15 21:00:00,93,97.79,True,True,48.86360338725614,0.0,48.86360338725614,0.0,0.005514562995813321,0.0125059810015955
ablate_sarimax_no_inputs,sarimax,frozen,no_inputs,False,42,18,2025-05-12 01:00:00,2025-05-15 22:00:00,94,108.37,True,True,48.77001366251155,0.0,48.77001366251155,0.0,0.005514562995813321,0.0125059810015955
ablate_sarimax_no_inputs,sarimax,frozen,no_inputs,False,42,18,2025-05-12 01:00:00,2025-05-15 23:00:00,95,116.25,True,True,51.16999267104235,0.0,51.16999267104235,0.0,0.005514562995813321,0.0125059810015955
ablate_sarimax_no_inputs,sarimax,frozen,no_inputs,False,42,18,2025-05-12 01:00:00,2025-05-16 00:00:00,96,123.15,True,True,54.930403531718895,0.0,54.930403531718895,0.0,0.005514562995813321,0.0125059810015955
ablate_sarimax_no_inputs,sarimax,frozen,no_inputs,False,42,18,2025-05-12 01:00:00,2025-05-16 01:00:00,97,132.18,True,True,56.834246104430015,0.0,56.834246104430015,0.0,0.005514562995813321,0.0125059810015955
ablate_sarimax_no_inputs,sarimax,frozen,no_inputs,False,42,18,2025-05-12 01:00:00,2025-05-16 02:00:00,98,142.04,True,True,55.95240391779842,0.0,55.95240391779842,0.0,0.005514562995813321,0.0125059810015955
ablate_sarimax_no_inputs,sarimax,frozen,no_inputs,False,42,18,2025-05-12 01:00:00,2025-05-16 03:00:00,99,159.17,True,True,57.74460182841581,0.0,57.74460182841581,0.0,0.005514562995813321,0.0125059810015955
ablate_sarimax_no_inputs,sarimax,frozen,no_inputs,False,42,18,2025-05-12 01:00:00,2025-05-16 04:00:00,100,174.04,True,True,52.7362574569716,0.0,52.7362574569716,0.0,0.005514562995813321,0.0125059810015955
ablate_sarimax_no_inputs,sarimax,frozen,no_inputs,False,42,18,2025-05-12 01:00:00,2025-05-16 05:00:00,101,174.39,True,True,50.82107168307882,0.0,50.82107168307882,0.0,0.005514562995813321,0.0125059810015955
ablate_sarimax_no_inputs,sarimax,frozen,no_inputs,False,42,18,2025-05-12 01:00:00,2025-05-16 06:00:00,102,172.46,True,True,49.513577827255816,0.0,49.513577827255816,0.0,0.005514562995813321,0.0125059810015955
ablate_sarimax_no_inputs,sarimax,frozen,no_inputs,False,42,18,2025-05-12 01:00:00,2025-05-16 07:00:00,103,168.26,True,True,47.39269448825566,0.0,47.39269448825566,0.0,0.005514562995813321,0.0125059810015955
ablate_sarimax_no_inputs,sarimax,frozen,no_inputs,False,42,18,2025-05-12 01:00:00,2025-05-16 08:00:00,104,160.05,True,True,46.677917920502665,0.0,46.677917920502665,0.0,0.005514562995813321,0.0125059810015955
ablate_sarimax_no_inputs,sarimax,frozen,no_inputs,False,42,18,2025-05-12 01:00:00,2025-05-16 09:00:00,105,155.52,True,True,46.01562086597394,0.0,46.01562086597394,0.0,0.005514562995813321,0.0125059810015955
ablate_sarimax_no_inputs,sarimax,frozen,no_inputs,False,42,18,2025-05-12 01:00:00,2025-05-16 10:00:00,106,149.99,True,True,46.71871231403969,0.0,46.71871231403969,0.0,0.005514562995813321,0.0125059810015955
ablate_sarimax_no_inputs,sarimax,frozen,no_inputs,False,42,18,2025-05-12 01:00:00,2025-05-16 11:00:00,107,142.95,True,True,49.44317210845285,0.0,49.44317210845285,0.0,0.005514562995813321,0.0125059810015955
ablate_sarimax_no_inputs,sarimax,frozen,no_inputs,False,42,18,2025-05-12 01:00:00,2025-05-16 12:00:00,108,135.27,True,True,52.43392361807109,0.0,52.43392361807109,0.0,0.005514562995813321,0.0125059810015955
ablate_sarimax_no_inputs,sarimax,frozen,no_inputs,False,42,18,2025-05-12 01:00:00,2025-05-16 13:00:00,109,128.41,True,True,54.76723677233471,0.0,54.76723677233471,0.0,0.005514562995813321,0.0125059810015955
ablate_sarimax_no_inputs,sarimax,frozen,no_inputs,False,42,18,2025-05-12 01:00:00,2025-05-16 14:00:00,110,127.57,True,True,57.78230174102512,0.0,57.78230174102512,0.0,0.005514562995813321,0.0125059810015955
ablate_sarimax_no_inputs,sarimax,frozen,no_inputs,False,42,18,2025-05-12 01:00:00,2025-05-16 15:00:00,111,129.89,True,True,58.977942957486796,0.0,58.977942957486796,0.0,0.005514562995813321,0.0125059810015955
ablate_sarimax_no_inputs,sarimax,frozen,no_inputs,False,42,18,2025-05-12 01:00:00,2025-05-16 16:00:00,112,130.59,True,True,56.914888910099855,0.0,56.914888910099855,0.0,0.005514562995813321,0.0125059810015955
ablate_sarimax_no_inputs,sarimax,frozen,no_inputs,False,42,18,2025-05-12 01:00:00,2025-05-16 17:00:00,113,127.01,True,True,54.949015266978144,0.0,54.949015266978144,0.0,0.005514562995813321,0.0125059810015955
ablate_sarimax_no_inputs,sarimax,frozen,no_inputs,False,42,18,2025-05-12 01:00:00,2025-05-16 18:00:00,114,112.05,True,True,53.19034387216135,0.0,53.19034387216135,0.0,0.005514562995813321,0.0125059810015955
ablate_sarimax_no_inputs,sarimax,frozen,no_inputs,False,42,18,2025-05-12 01:00:00,2025-05-16 19:00:00,115,80.06,True,True,50.285815099737995,0.0,50.285815099737995,0.0,0.005514562995813321,0.0125059810015955
ablate_sarimax_no_inputs,sarimax,frozen,no_inputs,False,42,18,2025-05-12 01:00:00,2025-05-16 20:00:00,116,89.46,True,True,48.970065951699986,0.0,48.970065951699986,0.0,0.005514562995813321,0.0125059810015955
ablate_sarimax_no_inputs,sarimax,frozen,no_inputs,False,42,18,2025-05-12 01:00:00,2025-05-16 21:00:00,117,74.72,True,True,48.57135929550543,0.0,48.57135929550543,0.0,0.005514562995813321,0.0125059810015955
ablate_sarimax_no_inputs,sarimax,frozen,no_inputs,False,42,18,2025-05-12 01:00:00,2025-05-16 22:00:00,118,33.73,True,True,48.48195900725375,0.0,48.48195900725375,0.0,0.005514562995813321,0.0125059810015955
ablate_sarimax_no_inputs,sarimax,frozen,no_inputs,False,42,18,2025-05-12 01:00:00,2025-05-16 23:00:00,119,9.38,True,True,50.874972852068844,0.0,50.874972852068844,0.0,0.005514562995813321,0.0125059810015955
ablate_sarimax_no_inputs,sarimax,frozen,no_inputs,False,42,18,2025-05-12 01:00:00,2025-05-17 00:00:00,120,2.03,True,True,54.62225797331323,0.0,54.62225797331323,0.0,0.005514562995813321,0.0125059810015955
ablate_sarimax_no_inputs,sarimax,frozen,no_inputs,False,42,18,2025-05-12 01:00:00,2025-05-17 01:00:00,121,0.71,True,True,56.52097533165833,0.0,56.52097533165833,0.0,0.005514562995813321,0.0125059810015955
ablate_sarimax_no_inputs,sarimax,frozen,no_inputs,False,42,18,2025-05-12 01:00:00,2025-05-17 02:00:00,122,0.79,True,True,55.64610407436967,0.0,55.64610407436967,0.0,0.005514562995813321,0.0125059810015955
ablate_sarimax_no_inputs,sarimax,frozen,no_inputs,False,42,18,2025-05-12 01:00:00,2025-05-17 03:00:00,123,1.11,True,True,57.433357915420885,0.0,57.433357915420885,0.0,0.005514562995813321,0.0125059810015955
ablate_sarimax_no_inputs,sarimax,frozen,no_inputs,False,42,18,2025-05-12 01:00:00,2025-05-17 04:00:00,124,1.41,True,True,52.44984329299847,0.0,52.44984329299847,0.0,0.005514562995813321,0.0125059810015955
ablate_sarimax_no_inputs,sarimax,frozen,no_inputs,False,42,18,2025-05-12 01:00:00,2025-05-17 05:00:00,125,1.59,True,True,50.5457428594732,0.0,50.5457428594732,0.0,0.005514562995813321,0.0125059810015955
ablate_sarimax_no_inputs,sarimax,frozen,no_inputs,False,42,18,2025-05-12 01:00:00,2025-05-17 06:00:00,126,1.8,True,True,49.246530905505864,0.0,49.246530905505864,0.0,0.005514562995813321,0.0125059810015955
ablate_sarimax_no_inputs,sarimax,frozen,no_inputs,False,42,18,2025-05-12 01:00:00,2025-05-17 07:00:00,127,1.98,True,True,47.13738413441337,0.0,47.13738413441337,0.0,0.005514562995813321,0.0125059810015955
ablate_sarimax_no_inputs,sarimax,frozen,no_inputs,False,42,18,2025-05-12 01:00:00,2025-05-17 08:00:00,128,2.06,True,True,46.42804063970713,0.0,46.42804063970713,0.0,0.005514562995813321,0.0125059810015955
ablate_sarimax_no_inputs,sarimax,frozen,no_inputs,False,42,18,2025-05-12 01:00:00,2025-05-17 09:00:00,129,2.07,True,True,45.77083391138586,0.0,45.77083391138586,0.0,0.005514562995813321,0.0125059810015955
ablate_sarimax_no_inputs,sarimax,frozen,no_inputs,False,42,18,2025-05-12 01:00:00,2025-05-17 10:00:00,130,2.49,True,True,46.47290254106158,0.0,46.47290254106158,0.0,0.005514562995813321,0.0125059810015955
ablate_sarimax_no_inputs,sarimax,frozen,no_inputs,False,42,18,2025-05-12 01:00:00,2025-05-17 11:00:00,131,3.33,True,True,49.18734572882817,0.0,49.18734572882817,0.0,0.005514562995813321,0.0125059810015955
ablate_sarimax_no_inputs,sarimax,frozen,no_inputs,False,42,18,2025-05-12 01:00:00,2025-05-17 12:00:00,132,4.39,True,True,52.16681288085169,0.0,52.16681288085169,0.0,0.005514562995813321,0.0125059810015955
ablate_sarimax_no_inputs,sarimax,frozen,no_inputs,False,42,18,2025-05-12 01:00:00,2025-05-17 13:00:00,133,5.46,True,True,54.4916423879113,0.0,54.4916423879113,0.0,0.005514562995813321,0.0125059810015955
ablate_sarimax_no_inputs,sarimax,frozen,no_inputs,False,42,18,2025-05-12 01:00:00,2025-05-17 14:00:00,134,6.52,True,True,57.49513741003779,0.0,57.49513741003779,0.0,0.005514562995813321,0.0125059810015955
ablate_sarimax_no_inputs,sarimax,frozen,no_inputs,False,42,18,2025-05-12 01:00:00,2025-05-17 15:00:00,135,7.63,True,True,58.687130032399885,0.0,58.687130032399885,0.0,0.005514562995813321,0.0125059810015955
ablate_sarimax_no_inputs,sarimax,frozen,no_inputs,False,42,18,2025-05-12 01:00:00,2025-05-17 16:00:00,136,8.39,True,True,56.63468456384766,0.0,56.63468456384766,0.0,0.005514562995813321,0.0125059810015955
ablate_sarimax_no_inputs,sarimax,frozen,no_inputs,False,42,18,2025-05-12 01:00:00,2025-05-17 17:00:00,137,9.24,True,True,54.67891705480468,0.0,54.67891705480468,0.0,0.005514562995813321,0.0125059810015955
ablate_sarimax_no_inputs,sarimax,frozen,no_inputs,False,42,18,2025-05-12 01:00:00,2025-05-17 18:00:00,138,10.63,True,True,52.9293689937706,0.0,52.9293689937706,0.0,0.005514562995813321,0.0125059810015955
ablate_sarimax_no_inputs,sarimax,frozen,no_inputs,False,42,18,2025-05-12 01:00:00,2025-05-17 19:00:00,139,12.19,True,True,50.03893673909145,0.0,50.03893673909145,0.0,0.005514562995813321,0.0125059810015955
ablate_sarimax_no_inputs,sarimax,frozen,no_inputs,False,42,18,2025-05-12 01:00:00,2025-05-17 20:00:00,140,13.51,True,True,48.73023014621175,0.0,48.73023014621175,0.0,0.005514562995813321,0.0125059810015955
ablate_sarimax_no_inputs,sarimax,frozen,no_inputs,False,42,18,2025-05-12 01:00:00,2025-05-17 21:00:00,141,15.07,True,True,48.33447039977335,0.0,48.33447039977335,0.0,0.005514562995813321,0.0125059810015955
ablate_sarimax_no_inputs,sarimax,frozen,no_inputs,False,42,18,2025-05-12 01:00:00,2025-05-17 22:00:00,142,16.71,True,True,48.24659798005958,0.0,48.24659798005958,0.0,0.005514562995813321,0.0125059810015955
ablate_sarimax_no_inputs,sarimax,frozen,no_inputs,False,42,18,2025-05-12 01:00:00,2025-05-17 23:00:00,143,18.53,True,True,50.630163372771186,0.0,50.630163372771186,0.0,0.005514562995813321,0.0125059810015955
ablate_sarimax_no_inputs,sarimax,frozen,no_inputs,False,42,18,2025-05-12 01:00:00,2025-05-18 00:00:00,144,20.61,True,True,54.361989459430355,0.0,54.361989459430355,0.0,0.005514562995813321,0.0125059810015955
ablate_sarimax_no_inputs,sarimax,frozen,no_inputs,False,42,18,2025-05-12 01:00:00,2025-05-18 01:00:00,145,24.64,True,True,56.25332999529702,0.0,56.25332999529702,0.0,0.005514562995813321,0.0125059810015955
ablate_sarimax_no_inputs,sarimax,frozen,no_inputs,False,42,18,2025-05-12 01:00:00,2025-05-18 02:00:00,146,29.03,True,True,55.38323601472121,0.0,55.38323601472121,0.0,0.005514562995813321,0.0125059810015955
ablate_sarimax_no_inputs,sarimax,frozen,no_inputs,False,42,18,2025-05-12 01:00:00,2025-05-18 03:00:00,147,35.98,True,True,57.16351028658862,0.0,57.16351028658862,0.0,0.005514562995813321,0.0125059810015955
ablate_sarimax_no_inputs,sarimax,frozen,no_inputs,False,42,18,2025-05-12 01:00:00,2025-05-18 04:00:00,148,43.15,True,True,52.202759496630776,0.0,52.202759496630776,0.0,0.005514562995813321,0.0125059810015955
ablate_sarimax_no_inputs,sarimax,frozen,no_inputs,False,42,18,2025-05-12 01:00:00,2025-05-18 05:00:00,149,48.28,True,True,50.307834603145324,0.0,50.307834603145324,0.0,0.005514562995813321,0.0125059810015955
ablate_sarimax_no_inputs,sarimax,frozen,no_inputs,False,42,18,2025-05-12 01:00:00,2025-05-18 06:00:00,150,50.0,True,True,49.015098058653024,0.0,49.015098058653024,0.0,0.005514562995813321,0.0125059810015955
ablate_sarimax_no_inputs,sarimax,frozen,no_inputs,False,42,18,2025-05-12 01:00:00,2025-05-18 07:00:00,151,49.48,True,True,46.91595269260459,0.0,46.91595269260459,0.0,0.005514562995813321,0.0125059810015955
ablate_sarimax_no_inputs,sarimax,frozen,no_inputs,False,42,18,2025-05-12 01:00:00,2025-05-18 08:00:00,152,48.42,True,True,46.2104171367537,0.0,46.2104171367537,0.0,0.005514562995813321,0.0125059810015955
ablate_sarimax_no_inputs,sarimax,frozen,no_inputs,False,42,18,2025-05-12 01:00:00,2025-05-18 09:00:00,153,49.69,True,True,45.55675538301676,0.0,45.55675538301676,0.0,0.005514562995813321,0.0125059810015955
ablate_sarimax_no_inputs,sarimax,frozen,no_inputs,False,42,18,2025-05-12 01:00:00,2025-05-18 10:00:00,154,51.97,True,True,46.25635718451206,0.0,46.25635718451206,0.0,0.005514562995813321,0.0125059810015955
ablate_sarimax_no_inputs,sarimax,frozen,no_inputs,False,42,18,2025-05-12 01:00:00,2025-05-18 11:00:00,155,55.69,True,True,48.959450131123454,0.0,48.959450131123454,0.0,0.005514562995813321,0.0125059810015955
ablate_sarimax_no_inputs,sarimax,frozen,no_inputs,False,42,18,2025-05-12 01:00:00,2025-05-18 12:00:00,156,60.11,True,True,51.92637221582052,0.0,51.92637221582052,0.0,0.005514562995813321,0.0125059810015955
ablate_sarimax_no_inputs,sarimax,frozen,no_inputs,False,42,18,2025-05-12 01:00:00,2025-05-18 13:00:00,157,63.29,True,True,54.24150910016046,0.0,54.24150910016046,0.0,0.005514562995813321,0.0125059810015955
ablate_sarimax_no_inputs,sarimax,frozen,no_inputs,False,42,18,2025-05-12 01:00:00,2025-05-18 14:00:00,158,66.17,True,True,57.23229970179834,0.0,57.23229970179834,0.0,0.005514562995813321,0.0125059810015955
ablate_sarimax_no_inputs,sarimax,frozen,no_inputs,False,42,18,2025-05-12 01:00:00,2025-05-18 15:00:00,159,69.01,True,True,58.41953235366599,0.0,58.41953235366599,0.0,0.005514562995813321,0.0125059810015955
ablate_sarimax_no_inputs,sarimax,frozen,no_inputs,False,42,18,2025-05-12 01:00:00,2025-05-18 16:00:00,160,70.53,True,True,56.37657647934777,0.0,56.37657647934777,0.0,0.005514562995813321,0.0125059810015955
ablate_sarimax_no_inputs,sarimax,frozen,no_inputs,False,42,18,2025-05-12 01:00:00,2025-05-18 17:00:00,161,72.16,True,True,54.42985074924949,0.0,54.42985074924949,0.0,0.005514562995813321,0.0125059810015955
ablate_sarimax_no_inputs,sarimax,frozen,no_inputs,False,42,18,2025-05-12 01:00:00,2025-05-18 18:00:00,162,73.77,True,True,52.6884158470977,0.0,52.6884158470977,0.0,0.005514562995813321,0.0125059810015955
ablate_sarimax_no_inputs,sarimax,frozen,no_inputs,False,42,18,2025-05-12 01:00:00,2025-05-18 19:00:00,163,75.17,True,True,49.81109547620453,0.0,49.81109547620453,0.0,0.005514562995813321,0.0125059810015955
ablate_sarimax_no_inputs,sarimax,frozen,no_inputs,False,42,18,2025-05-12 01:00:00,2025-05-18 20:00:00,164,76.93,True,True,48.508522938312645,0.0,48.508522938312645,0.0,0.005514562995813321,0.0125059810015955
ablate_sarimax_no_inputs,sarimax,frozen,no_inputs,False,42,18,2025-05-12 01:00:00,2025-05-18 21:00:00,165,78.91,True,True,48.11486251601691,0.0,48.11486251601691,0.0,0.005514562995813321,0.0125059810015955
ablate_sarimax_no_inputs,sarimax,frozen,no_inputs,False,42,18,2025-05-12 01:00:00,2025-05-18 22:00:00,166,79.54,True,True,48.02771742166737,0.0,48.02771742166737,0.0,0.005514562995813321,0.0125059810015955
ablate_sarimax_no_inputs,sarimax,frozen,no_inputs,False,42,18,2025-05-12 01:00:00,2025-05-18 23:00:00,167,80.6,True,True,50.40112091232704,0.0,50.40112091232704,0.0,0.005514562995813321,0.0125059810015955
ablate_sarimax_no_inputs,sarimax,frozen,no_inputs,False,42,18,2025-05-12 01:00:00,2025-05-19 00:00:00,168,83.05,True,True,54.11683786500255,0.0,54.11683786500255,0.0,0.005514562995813321,0.0125059810015955
